12 8 5 
10 6 4 
6 4 3 
7 6 4
2 3 4 5 1 3 4 5 2 3 4 4
4 5 4 3 2 4 5 2
9 8 10 11 12
4 5 1 3 4 5 2 3 4 2
5 4 2 3 2 4
10 11 9 8
5 4 2 3 1 2
5 4 3 2
10 9 11
5 1 3 4 5 2 3
5 4 2 4 3 1
10 11 8 9
10
5
19
R 1 V 3 21 300 B 0 
R 3 V 9 32 150 C 1
R 5 V 10 11 350 D 0
R 7 N 1 15 110 A 0
R 9 N 17 7 56 B 1
R 12 F 4 53 42 A 1
X 15 1 
R 19 N 5 17 95 C 0
P 19 15 62 
R 25 F 6 33 127 B 0
R 25 V 14 21 300 A 1
R 26 V 19 34 150 D 1
R 27 V 37 11 350 C 1 
R 28 N 45 22 110 A 0
R 29 N 2 23 56 B 0
R 30 F 5 45 42 A 0
X 30 3 
R 32 N 27 18 95 B 1
P 33 2 22 
