9 7 3 
6 3 2 
4 2 1 
9 4 2
1 2 3 4 5 3 4 2 1
5 4 3 6 5 4 2
10 9 8
4 5 3 2 4 3 
5 6 4
9 10
4 3 5 2
5 4
10
3 4 5 2 3 4 5 6 2
5 6 4 5
11 8
25
10
21
R 2 V 3 21 300 B 1
R 2 L 300 33 400 B 1
R 4 V 9 24 150 B 0
R 6 V 10 11 350 B 0
R 7 N 1 15 110 A 1
R 9 N 2 7 56 B 0
R 12 F 4 53 42 C 1
X 15 1 
R 19 N 5 17 95 D 0
P 19 2 62 
R 25 F 6 33 127 D 1
R 25 V 20 21 300 C 0
R 26 V 30 34 150 A 1
R 27 V 50 11 350 B 0
R 28 N 33 22 110 D 0 
R 29 N 19 23 56 A 1
R 30 F 8 45 42 C 0
X 31 33 
R 32 N 27 18 95 B 1
P 33 33 22 
R 34 F 70 14 127 D 0