4 3 2
5 2 1
6 4 3
8 3 1
5 4 3 2
4 3 5
9 8
4 5 3 4 2
5 4
10
4 5 3 5 2 1
5 4 3 4
10 9 8
4 5 5 5 3 2 4 1
3 4 2
11
5
10
25
R 2 V 1 21 300 B 0
R 2 L 2 33 400 B 0
R 4 V 3 24 150 B 1
R 6 V 4 11 350 B 1
R 7 N 5 15 110 A 0
R 9 N 6 7 56 A 0
R 12 F 7 53 42 C 1
X 12 6 
R 19 N 8 17 95 D 0
P 19 5 62 
R 25 F 9 33 127 D 0
R 25 V 10 21 300 C 1
R 26 V 11 34 150 A 1
R 27 V 12 11 350 B 0
R 28 N 13 22 110 D 0 
R 29 N 14 23 56 A 0
R 30 F 15 45 42 C 1
X 32 14 
R 32 N 16 18 95 B 1
P 33 14 22 
R 34 F 17 14 127 D 0
R 35 F 18 15 180 D 0